45.4223043  46.08383    46.76056    47.89133    49.1477 50.40407    51.53484    52.21157    52.8730957
49.7787718  50.4728     51.18277    52.3691     53.6872 55.0053     56.19163    56.9016     57.5956282
52.9949775  53.71811    54.45785    55.69393    57.0673 58.44067    59.67675    60.41649    61.1396225
55.5927758  56.34038    57.10515    58.38306    59.8029 61.22274    62.50065    63.26542    64.0130242
57.7609922  58.52969    59.31604    60.63       62.0899 63.5498     64.86376    65.65011    66.4188078
59.5953753  60.38286    61.18844    62.53451    64.0301 65.52569    66.87176    67.67734    68.4648247
61.1982833  62.00319    62.82658    64.20243    65.7311 67.25977    68.63562    69.45901    70.2639167
62.656588   63.47888    64.32005    65.72562    67.2873 68.84898    70.25455    71.09572    71.918012
64.0198138  64.85973    65.71894    67.15464    68.7498 70.34496    71.78066    72.63987    73.4797862
65.3120157  66.16996    67.0476     68.51411    70.1435 71.77289    73.2394     74.11704    74.9749843
66.5466965  67.42304    68.31951    69.81746    71.4818 73.14614    74.64409    75.54056    76.4169035
67.7294251  68.62467    69.54048    71.07075    72.771  74.47125    76.00152    76.91733    77.8125749
68.8650363  69.77953    70.71503    72.2782     74.015  75.7518     77.31497    78.25047    79.1649637
69.9583854  70.89228    71.84762    73.44396    75.2176 76.99124    78.58758    79.54292    80.4768146
71.0135941  71.96683    72.94195    74.57133    76.3817 78.19207    79.82145    80.79657    81.7498059
72.0315003  73.00432    73.99947    75.66234    77.5099 79.35746    81.02033    82.01548    82.9882997
73.016649   74.00908    75.0243     76.72069    78.6055 80.49031    82.1867     83.20192    84.1943511
73.9729301  74.98475    76.01981    77.74936    79.671  81.59264    83.32219    84.35725    85.3690699
74.9001595  75.93146    76.98644    78.74927    80.7079 82.66653    84.42936    85.48434    86.5156405
75.8018023  76.8524     77.92712    79.72293    81.7182 83.71347    85.50928    86.584      87.6345977
76.6778157  77.74783    78.84242    80.67144    82.7036 84.73576    86.56478    87.65937    88.7293843
77.5310529  78.62035    79.73466    81.59662    83.6654 85.73418    87.59614    88.71045    89.7997471
78.363609   79.47174    80.60531    82.49946    84.604  86.70854    88.60269    89.73626    90.844391
79.1728908  80.3        81.453      83.3796     85.5202 87.6608     89.5874     90.7404     91.8675092
79.9618054  81.10777    82.28006    84.23889    86.4153 88.59171    90.55054    91.72283    92.8687946