2.394672    2.532145    2.677725    2.932331    3.2322  3.55035     3.852667    4.040959    4.23043022
3.161067    3.326209    3.502477    3.814261    4.1873  4.590075    4.979539    5.225436    5.4754539
3.941053    4.13172     4.335355    4.695944    5.1282  5.596104    6.049862    6.337067    6.62967897
4.53604     4.745935    4.970282    5.368044    5.8458  6.364222    6.868317    7.188096    7.51447955
5.013368    5.238858    5.480078    5.90832     6.4237  6.984281    7.530756    7.87815     8.23331075
5.403844    5.642267    5.897544    6.351329    6.8985  7.495018    8.077933    8.449225    8.82941522
5.729383    5.97888     6.246243    6.72212     7.297   7.925102    8.540297    8.93289     9.33549062
6.008387    6.267836    6.546104    7.042017    7.6422  8.299352    8.94444     9.356859    9.78039888
6.253445    6.522061    6.810403    7.324907    7.9487  8.633118    9.306424    9.737639    10.1810939
6.472906    6.750018    7.047717    7.579535    8.2254  8.935413    9.63531     10.08429    10.5466186
6.673828    6.958886    7.265345    7.813398    8.48    9.214115    9.939115    10.4049     10.8851054
6.862262    7.15483     7.46957     8.032975    8.7192  9.476145    10.22495    10.7067     11.2038881
7.042612    7.342376    7.665043    8.24313     8.9481  9.726833    10.49835    10.99531    11.5086985
7.217847    7.524538    7.854825    8.446994    9.1699  9.969431    10.76258    11.27401    11.8028109
7.389684    7.70313     8.040838    8.646697    9.387   10.20666    11.02071    11.54612    12.0897773
7.559527    7.879566    8.224501    8.843658    9.6008  10.43988    11.27403    11.81285    12.3707367
7.727588    8.054179    8.406286    9.038616    9.8124  10.67062    11.52454    12.07652    12.6483665
7.894535    8.227652    8.586898    9.232317    10.0226 10.89976    11.77319    12.33814    12.9237235
8.060311    8.399952    8.766325    9.424795    10.2315 11.12747    12.02024    12.59804    13.1972107
8.224599    8.570832    8.944403    9.616043    10.4393 11.3542     12.26642    12.85712    13.4699234
8.387882    8.74076     9.121584    9.806487    10.6464 11.58033    12.51209    13.11573    13.7422028
8.55031     8.909946    9.298148    9.996544    10.8534 11.80669    12.75831    13.37511    14.0154884
8.712397    9.078906    9.474611    10.18672    11.0608 12.03376    13.00554    13.6357     14.2901756
8.8741      9.247632    9.651002    10.37713    11.2688 12.26184    13.25422    13.89801    14.5668755
9.035869    9.416516    9.827655    10.56799    11.4775 12.49092    13.50419    14.16181    14.8452857