2.459312    2.603994    2.757621    3.027282    3.3464  3.686659    4.011499    4.214527    4.419354
3.390890    3.566165    3.752603    4.080792    4.4709  4.889123    5.290726    5.542933    5.798331
4.318890    4.522344    4.738362    5.117754    5.5675  6.048448    6.509323    6.798348    7.090758
5.018434    5.240269    5.475519    5.888058    6.3762  6.897306    7.395936    7.708329    8.024169
5.561377    5.797135    6.046988    6.484777    7.0023  7.554286    8.082087    8.412602    8.746662
5.996672    6.244465    6.507016    6.966941    7.5105  8.090161    8.644384    8.991445    9.342238
6.352967    6.611702    6.885864    7.366195    7.9340  8.539707    9.119041    9.481939    9.848832
6.653301    6.922131    7.207057    7.706413    8.2970  8.927371    9.530656    9.908738    10.29113
6.913126    7.191270    7.486158    8.003205    8.6151  9.268678    9.894622    10.28713    10.68428
7.144822    7.431644    7.735837    8.269460    8.9014  9.576900    10.22433    10.63055    11.04177
7.356558    7.651572    7.964565    8.513900    9.1649  9.861313    10.5293     10.94868    11.37341
7.554410    7.857229    8.178615    8.742959    9.4122  10.12867    10.81641    11.24845    11.6862
7.742219    8.052577    8.382077    8.960956    9.6479  10.38387    11.09087    11.53526    11.98574
7.922091    8.239848    8.577324    9.170505    9.8749  10.63014    11.35618    11.81281    12.27589
8.095984    8.421033    8.766370    9.373665    10.0953 10.86959    11.61449    12.08325    12.55884
8.265127    8.597424    8.950586    9.571948    10.3108 11.10416    11.86797    12.34891    12.83707
8.430734    8.770274    9.131260    9.766700    10.5228 11.33528    12.11808    12.61125    13.11206
8.593128    8.939942    9.308795    9.958406    10.7319 11.5637     12.36571    12.87128    13.38491
8.752902    9.107002    9.483736    10.14755    10.9385 11.7897     12.61101    13.12906    13.65558
8.909889    9.271360    9.656076    10.33431    11.143  12.01396    12.855      13.38579    13.92552
9.065209    9.434095    9.826848    10.51961    11.3462 12.23713    13.09811    13.64181    14.19492
9.219037    9.595435    9.996335    10.70383    11.5486 12.45983    13.3411     13.89795    14.46469
9.371554    9.755556    10.16471    10.88716    11.7504 12.6823     13.58426    14.15453    14.7352
9.522741    9.914417    10.33191    11.06946    11.9514 12.90424    13.82718    14.41108    15.0059
9.672527    10.07194    10.49784    11.25065    12.1515 13.12555    14.06979    14.66753    15.27674